162
165
172
174
178
189
198
221
250
374
381
383
397
398
403
405
417
423
434
439
718
727
734
779
780
786
929
930
941
942
945
971
972
974
982
985
994
996
1033
1034
1038
1062
1072
1128
1142
1143
1151
1153
1165
1183
1190
1192
1282
1283
1408
1428
1434
1449
1464
1464
1466
1474
1475
1476
1478
1479
1481
1627
1630
1631
1642
1672
1693
1694
1706
1729
1730
1738
1740
1746
1804
1836
1837
1839
1842
1846
1848
1966
1967
1993
1996
1999
2022
2026
2030
2032
2036
2038
2039
2043
2063
2116
2120
2123
2173
2175
2180
2200
2203
2206
2232
2251
2375
2435
2451
2467
2473
2475
2497
2506
2660
2746
2748
2750
2795
2796
2815
2861
2863
2867
2868
2869
2889
2890
2894
2901
2904
2932
2935
2952
2970
2975
2984
2985
2988
2995
3004
3005
3033
3212
3232
3234
3388
3415
3416
3419
3427
3427
3429
3472
3477
3481
3580
3583
3671
3702
3890
3894
3896
3896
3913
3952
3956
3957
3963
3967
4411
4412
4414
4424
4426
4427
4428
4430
4490
4491
4498
4505
4513
4515
4576
4585
4587
4592
4614
4618
4621
4628
4692
4693
4694
4695
4703
4704
4705
4705
4710
4840
4933
4935
4945
4947
4949
4990
5126
5128
5171
5172
5243
5245
5252
5254
5275
5277
5283
5284
5289
5296
5302
5308
5469
5470
5473
5476
5489
5524
5525
5532
5536
5555
5557
5565
5588
5592
5598
5608
5609
5636
5642
5648
5657
5663
5664
5876
5948
5950
5973
5975
5999
6070
6075
6076
6099
6103
6106
6108
6110
6111
6112
6129
6131
6135
6140
6176
6234
6241
6264
6279
6308
6348
6349
6372
6375
6379
6382
6463
6523
6527
6529
6530
6537
6544
6545
6553
6558
6559
6572
6593
6600
6601
6633
6634
6641
6692
6703
6705
6712
6718
6731
6744
6749
6764
6765
6766
6766
6774
6779
6799
6812
6841
6845
6849
6902
6907
6908
6911
6919
6921
6930
6933
6938
6939
6944
6945
6949
6951
6954
7032
7033
7034
7035
7037
7101
7114
7124
7125
7126
7136
7138
7139
7140
7151
7157
7165
7166
7271
7272
7275
7327
7419
7421
7425
7431
7433
7435
7438
7440
7441
7508
7510
7512
7522
7524
7525
7690
7692
7897
8012
8013
8015
8017
8022
8023
8024
8029
8032
8035
8036
8051
8060
8062
8074
8075
8077
8107
8212
8224
8229
8241
8242
8255
8264
8276
8278
8285
8351
8353
8394
8429
8437
8447
8469
8475
8477
8478
8484
8503
8514
8516
8520
8555
8560
8562
8574
8576
8577
8578
8584
8591
8622
8643
8645
8737
8747
8749
8757
8758
8761
8779
9023
9169
9171
9218
9221
9242
9247
9268
9272
9279
9313
9319
9324
9332
9364
9377
9378
9479
9489
9497
9500
9510
9521
9524
9526
9527
9531
9536
9566
9581
9596
9598
9616
9697
9730
9731
9744
9764
9765
9767
9778
9779
9821
9827
9830
9966
9967
9985
9987
9992
10022
10026
10028
10042
10047
10073
10079
10087
10088
10092
10094
10099
10100
10136
10141
10144
10148
10149
10152
10290
10325
10333
10336
10342
10343
10344
10349
10356
10394
10395
10397
10400
10405
10406
10416
10520
10522
10540
10547
10548
10551
10552
10571
10588
10593
10621
10687
10741
10743
10747
10806
10807
10834
10837
10889
10893
10904
10905
10906
10937
10943
10944
10945
10948
10949
10950
10954
10957
10995
11010
11018
11021
11238
11238
11239
11241
11242
11293
11341
11344
11345
11349
11360
11363
11372
11378
11395
11408
11409
11411
11415
11417
11430
11432
11441
11446
11455
11463
11464
11467
11725
11729
11755
11756
11871
12061
12065
12074
12102
12124
12129
12130
12130
12146
12149
12153
12165
12173
12177
12181
12323
12325
12341
12344
12350
12352
12357
12358
12364
12370
12371
12375
12528
12539
12542
12547
12548
12550
12555
12557
12558
12559
12561
12565
12568
12569
12570
12571
12624
12682
12689
12716
12718
12727
12742
12782
12784
12787
12789
12815
12816
12832
12833
12835
12998
13001
13072
13078
13081
13083
13106
13107
13270
13271
13276
13278
13289
13290
13292
13296
13312
13313
13317
13329
13330
13477
13478
13496
13498
13501
13514
13516
13517
13518
13524
13530
13533
13572
13573
13578
13585
13588
13589
13598
13611
13614
13630
13663
13664
13666
13682
13685
13687
13696
13697
13715
13719
13720
13744
13745
13749
13750
13804
13823
13831
13842
13879
13880
13881
13882
13893
13895
13900
13902
13905
13907
13907
13910
13911
14014
14019
14043
14055
14062
14077
14083
14106
14119
14170
14171
14172
14173
14175
14176
14178
14199
14201
14207
14208
14210
14215
14229
14230
14233
14234
14238
14240
14241
14243
14408
14411
14420
14425
14427
14443
14450
14474
14487
14488
14494
14497
14498
14505
14547
14793
14806
14841
14862
14943
14944
15007
15020
15093
15095
15095
15097
15107
15127
15163
15170
15178
15195
15203
15208
15405
15406
15408
15409
15413
15416
15422
15424
15427
15431
15440
15446
15451
15453
15574
15580
15582
15590
15594
15600
15602
15609
15610
15613
15614
15639
15641
15650
15672
15676
15704
15705
15706
15795
15796
15799
15804
15809
15936
15941
15973
15974
16006
16007
16017
16020
16021
16026
16027
16052
16055
16056
16058
16060
16061
16075
16084
16135
16196
16197
16207
16210
16215
16248
16249
16253
16254
16268
16270
16441
16442
16444
16465
16468
16471
16472
16479
16482
16484
16494
16498
16501
16508
16512
16562
16698
16699
16702
16703
16705
16706
16765
16768
16854
16881
16882
16883
16885
16893
16894
16898
16899
16904
17010
17012
17030
17031
17055
17059
17060
17080
17106
17111
17138
17139
17187
17279
17282
17284
17285
17289
17292
17294
17297
17300
17301
17313
17341
17351
17355
17357
17430
17444
17445
17447
17448
17449
17462
17465
17466
17469
17474
17475
17497
17509
17521
17522
17524
17526
17532
17533
17536
17592
17594
