127
132
136
137
139
143
144
153
157
166
169
188
193
203
204
205
220
272
290
291
292
294
297
298
300
306
307
319
338
339
357
359
363
364
385
413
452
453
455
456
457
458
460
465
466
468
469
472
480
484
494
495
496
497
507
508
510
511
512
523
551
556
556
559
567
569
570
573
595
624
625
628
642
719
720
721
730
738
742
748
749
751
752
753
769
770
781
799
802
804
816
818
900
921
923
924
1005
1015
1019
1020
1034
1035
1037
1040
1041
1041
1042
1043
1109
1110
1113
1116
1118
1120
1126
1131
1135
1207
1216
1226
1228
1229
1236
1254
1280
1283
1286
1291
1292
1293
1295
1296
1298
1301
1302
1307
1324
1325
1325
1341
1354
1421
1422
1425
1427
1430
1454
1458
1461
1464
1465
1466
1468
1469
1470
1471
1472
1473
1484
1485
1490
1491
1500
1512
1517
1518
1519
1523
1524
1553
1556
1563
1589
1591
1596
1597
1616
1619
1629
1632
1633
1634
1635
1641
1647
1648
1650
1656
1657
1661
1668
1673
1674
1705
1713
1714
1721
1735
1750
1777
1778
1780
1782
1783
1784
1790
1792
1793
1800
1808
1833
1836
1837
1846
1847
1850
1868
1875
1954
1963
1964
1965
2010
2017
2019
2021
2028
2034
2036
2039
2043
2053
2056
2063
2064
2065
2067
2071
2073
2074
2078
2087
2091
2094
2095
2096
2098
2103
2171
2176
2184
2213
2214
2215
2218
2244
2246
2247
2249
2251
2252
2254
2264
2265
2279
2280
2281
2303
2304
2305
2321
2322
2328
2350
2358
2382
2393
2434
2436
2437
2439
2441
2443
2447
2555
2556
2557
2557
2558
2562
2563
2580
2590
2591
2599
2603
2652
2654
2655
2666
2668
2674
2679
2681
2690
2692
2697
2698
2759
2769
2770
2773
2834
2842
2854
2859
2860
2866
2870
2871
2873
2878
2881
2912
2918
2920
2950
2968
2973
2974
2976
2978
2980
2990
2991
2996
3000
3004
3012
3015
3019
3020
3044
3045
3047
3048
3052
3056
3061
3063
3082
3096
3110
3141
3142
3143
3144
3195
3261
3270
3276
3277
3281
3289
3292
3336
3342
3349
3351
3356
3364
3365
3377
3379
3383
3385
3394
3398
3403
3417
3418
3442
3444
3445
3446
3447
3461
3468
3474
3477
3487
3489
3491
3494
3498
3507
3532
3575
3576
3577
3578
3605
3607
3613
3614
3628
3630
3631
3634
3637
3647
3652
3653
3655
3656
3658
3663
3664
3753
3755
3758
3766
3767
3775
3812
3817
3821
3826
3834
3836
3840
3854
3857
3890
3902
3904
3905
3915
3918
3932
3938
3939
3948
3949
3988
3991
3992
3993
3994
3995
3996
4000
4002
4004
4014
4016
4017
4030
4031
4035
4040
4049
4050
4059
4060
4079
4080
4085
4090
4091
4095
4097
4098
4187
4188
4193
4194
4220
4246
4247
4251
4251
4256
4263
4265
4266
4267
4270
4286
4293
4294
4296
4298
4301
4303
4309
4310
4312
4317
4351
4357
4362
4364
4365
4371
4451
4454
4455
4456
4460
4467
4470
4472
4475
4504
4507
4510
4511
4532
4533
4535
4543
4547
4562
4570
4635
4638
4643
4645
4646
4648
4649
4697
4708
4709
4716
4724
4725
4727
4730
4770
4771
4773
4793
4796
4856
4857
4864
4866
4867
4870
4871
4872
4913
4915
4921
4923
4930
4937
4938
4940
4941
4942
4976
4978
4988
4990
4994
4995
4997
5000
5002
5013
5016
5017
5019
5020
5021
5022
5027
5028
5029
5039
5042
5051
5052
5073
5074
5075
5076
5077
5078
5091
5094
5099
5128
5130
5171
5172
5173
5174
5178
5232
5234
5245
5247
5252
5258
5268
5313
5314
5315
5317
5318
5321
5327
5332
5333
5340
5342
5344
5345
5347
5350
5367
5370
5372
5373
5375
5377
5379
5382
5390
5399
5404
5411
5452
5462
5463
5465
5491
5493
5494
5498
5506
5508
5513
5521
5552
5553
5554
5557
5588
5590
5592
5611
5615
5625
5627
5650
5685
5686
5689
5697
5698
5703
5704
5705
5706
5716
5719
5721
5722
5725
5726
5745
5752
5753
5772
5773
5784
5786
5789
5790
5792
5801
5802
5845
5850
5858
5859
5863
5864
5866
5869
5870
5873
5875
5876
5883
5884
5921
5928
5966
5973
5982
5983
6004
6006
6007
6025
6026
6040
6064
6090
6139
6149
6152
6213
6227
6230
6236
6237
6276
6343
6344
6364
6371
6373
6374
6375
6376
6377
6380
6442
6444
6446
6447
6448
6489
6489
6491
6498
6526
6529
6533
6536
6537
6544
6546
6548
6563
6577
6579
6583
6587
6593
6652
6655
6659
6664
6673
6674
6681
6683
6687
6693
6696
6700
6742
6747
6748
6749
6752
6770
6771
6791
6807
6812
6814
6815
6850
6859
6864
6869
6876
6880
6886
6891
6898
6900
6902
6903
6909
6911
6913
6913
6914
6915
6917
6919
6925
6926
6936
6938
6951
6951
6953
6967
6984
6987
6997
7003
7016
7026
7028
7030
7036
7055
7091
7098
7100
7102
7106
7107
7131
7136
7142
7143
7144
7147
7148
7150
7153
7161
7162
7169
7174
7176
7179
7181
7195
7200
7215
7220
7266
7267
7268
7269
7276
7277
7278
7315
7316
7328
7331
7332
7339
7342
7360
7362
7363
7374
7380
7381
7382
7393
7404
7405
7414
7420
7464
7469
7473
7476
7483
7508
7524
7525
7527
7580
7585
7587
7592
7596
7598
7599
7602
7613
7630
7631
7634
7635
7685
7689
7691
7693
7694
7695
7713
7731
7747
7749
7753
7756
7757
7760
7765
7781
7784
7788
7789
7790
7796
7799
7800
7802
7818
7837
7892
7905
7924
7939
7954
7955
7964
7969
7970
7975
8009
8010
8057
8059
8075
8098
8100
8108
8109
8110
8111
8117
8121
8124
8127
8131
8136
8165
8294
8302
8304
8306
8313
8328
8341
8343
8363
8365
8386
8388
8401
8402
8405
8408
8413
8417
8419
8446
8447
8448
8480
8483
8485
8492
8495
8497
8507
8508
8509
8510
8518
8519
8522
8525
8554
8567
8573
8655
8664
8669
8675
8678
8679
8679
8692
8696
8708
8710
8714
8718
8737
8738
8739
8740
8743
8747
8752
8756
8757
8759
8800
8803
8805
8807
8832
8832
8834
8837
8843
8844
8847
8852
8915
8927
8928
8932
8939
8940
8942
8943
8944
8973
8974
8980
8981
8987
9013
9015
9016
9017
9039
9043
9045
9047
9048
9052
9053
9057
9059
9062
9064
9068
9081
9082
9086
9094
9096
9097
9099
9102
9134
9164
9165
9166
9179
9184
9211
9215
9216
9218
9248
9249
9251
9258
9273
9284
9286
9336
9350
9358
9362
9364
9373
9374
9384
9388
9388
9389
9391
9393
9399
9407
9410
9411
9411
9413
9414
9416
9419
9420
9424
9426
9428
9440
9443
9444
9447
9513
9515
9555
9560
9566
9575
9578
9579
9580
9581
9585
9589
9590
9594
9597
9599
9603
9605
9607
9624
9632
9650
9653
9654
9659
9669
9678
9693
9695
9696
9698
9709
9710
9757
9758
9762
9770
9782
9783
9785
9787
9791
9798
9802
9810
9811
9823
9874
9920
9923
9933
9936
9950
9957
9957
9959
