-202.91083942036886 -622.9815181313063
-83.63858447652119 -623.2536128578688
69.30032696146709 -323.0966304359938
135.93281902689677 -324.8245357094313
-148.98542438130636 43.61106075663312
-67.16913257222431 18.604327815959294
15.810283321330374 -36.40258441548602
82.891978877971 -51.22569308858172
-131.9924434242751 218.82072796244367
-60.99225268941181 263.8206364097093
82.00768627543194 167.82048382181867
66.00777019877178 244.8206364097093
225.00761761088114 253.8206364097093
-230.92661700825948 459.0015446128343
-40.55139575581806 415.0072208823656
83.84527935404522 382.21519817728745
122.24261059183819 411.00462688822495
277.03166546244364 375.81285442728745
423.83269085306864 418.60716595072495
-119.02580676656025 651.933337825725
34.554187435099905 542.2821537436937
160.0159336509202 509.9249760093187
209.61037029642802 525.7032963218187
249.71355022806864 541.2667728843187
122.26241650004131 552.2515140952562
241.6960331382249 577.1566654624437
135.94414104838114 592.7223392905687
201.64932598490458 614.4812504233812
76.01513256449444 647.1385990561937
273.72697796244364 675.4971195640062