1
8
12
27
30
50
63
67
73
78
87
155
157
167
200
212
215
224
233
234
240
241
275
298
303
325
330
331
338
352
354
386
401
412
421
428
432
436
441
453
481
495
525
533
547
548
585
596
602
619
623
632
633
654
664
681
716
733
751
772
781
833
836
869
878
881
899
931
942
957
979
1057
1113
1135
1139
1143
1154
1199
1213
1226
1229
1245
1268
1281
1288
1295
1296
1303
1325
1390
1392
1397
1411
1434
1520
1523
1550
1559
1563
1564
1573
1575
1594
1649
1653
1678
1703
1713
1721
1728
1731
1803
1809
1810
1819
1824
1830
1832
1861
1909
1954
1957
1964
1968
1973
2008
2009
2022
2026
2032
2049
2061
2080
2086
2103
2119
2129
2163
2200
2212
2224
2234
2244
2247
2257
2258
2264
2300
2308
2317
2351
2369
2379
2388
2408
2416
2446
2462
2466
2474
2483
2529
2532
2535
2563
2592
2604
2613
2625
2632
2634
2644
2660
2667
2689
2703
2712
2723
2734
2740
2749
2751
2772
2782
2813
2825
2831
2836
2855
2861
2875
2877
2906
2909
2914
2943
2998
3003
3015
3017
3018
3029
3042
3054
3097
3105
3154
3180
3202
3203
3208
3223
3226
3243
3255
3273
3285
3291
3294
3303
3325
3332
3357
3374
3377
3387
3390
3397
3401
3417
3423
3430
3438
3455
3467
3474
3480
3485
3498
3511
3515
3522
3530
3532
3538
3547
3600
3607
3619
3642
3677
3678
3699
3712
3719
3723
3734
3735
3765
3772
3779
3781
3797
3800
3802
3809
3842
3872
3882
3886
3917
3964
3973
4031
4032
4035
4040
4045
4048
4051
4064
4107
4133
4141
4144
4154
4155
4246
4247
4291
4303
4312
4323
4337
4338
4352
4359
4368
4401
4402
4407
4409
4417
4420
4427
4442
4453
4454
4460
4476
4482
4490
4496
4522
4535
4550
4559
4564
4571
4591
4604
4616
4628
4639
4672
4684
4707
4711
4767
4779
4786
4805
4819
4820
4828
4829
4853
4862
4867
4869
4897
4899
4902
4916
4921
4922
4924
4975
4986
5025
5027
5094
5116
5119
5143
5145
5152
5159
5160
5163
5169
5192
5201
5233
5246
5280
5294
5295
5301
5328
5330
5354
5359
5363
5376
5377
5384
5416
5418
5423
5428
5429
5432
5446
5465
5466
5471
5474
5482
5485
5505
5515
5516
5541
5550
5572
5573
5577
5586
5587
5589
5594
5608
5648
5664
5665
5680
5682
5686
5703
5727
5743
5753
5756
5764
5769
5780
5783
5785
5787
5789
5806
5820
5851
5859
5891
5899
5905
5910
5913
5948
5950
5956
5957
5971
5993
6005
6010
6049
6055
6059
6061
6064
6088
6122
6133
6150
6155
6197
6200
6208
6224
6231
6237
6256
6275
6279
6285
6321
6339
6369
6393
6412
6420
6425
6443
6449
6451
6452
6460
6482
6500
6502
6505
6515
6520
6521
6534
6538
6549
6561
6588
6589
6608
6611
6627
6656
6657
6659
6661
6665
6680
6687
6689
6694
6707
6712
6732
6751
6785
6800
6806
6811
6814
6817
6855
6868
6876
6880
6885
6897
6898
6908
6938
6956
6958
6981
7000
7002
7004
7011
7014
7043
7059
7066
7075
7095
7096
7109
7112
7114
7150
7156
7166
7183
7221
7226
7253
7263
7275
7285
7296
7324
7340
7363
7364
7370
7380
7384
7390
7393
7395
7423
7436
7459
7464
7511
7513
7516
7573
7578
7633
7639
7684
7689
7752
7753
7759
7769
7771
7785
7786
7800
7804
7826
7831
7832
7834
7838
7843
7845
7855
7876
7938
7986
7997
8027
8034
8037
8061
8066
8075
8079
8083
8104
8127
8130
8134
8158
8189
8206
8214
8219
8226
8278
8293
8325
8326
8332
8333
8347
8391
8394
8397
8428
8452
8461
8500
8528
8546
8554
8572
8594
8598
8637
8670
8680
8758
8763
8767
8776
8797
8804
8809
8814
8864
8878
8883
8899
8936
8939
8943
8946
8982
8994
9005
9056
9063
9064
9066
9073
9114
9132
9135
9176
9238
9243
9244
9255
9270
9273
9294
9297
9308
9328
9364
9377
9416
9435
9439
9455
9458
9463
9465
9520
9540
9553
9571
9574
9585
9594
9610
9655
9672
9697
9699
9722
9738
9742
9743
9771
9783
9795
9802
9812
9822
9825
9844
9852
9865
9877
9893
9927
9935
9948
9960
